# 
# ibc= 0 nc= 3, csw= 1.00, m0= 0.000    , theta/Pi=  0.20, nu=0.00, Lmin= 4, Lmax=48
# 
p11z2(0,3, 1, 1, 0,  4) :=  -0.36768439313218382E-01;
p11z2(0,3, 1, 1, 0,  5) :=  -0.40469049222756473E-01;
p11z2(0,3, 1, 1, 0,  6) :=  -0.43254687220294526E-01;
p11z2(0,3, 1, 1, 0,  7) :=  -0.45483768791009384E-01;
p11z2(0,3, 1, 1, 0,  8) :=  -0.47320421996691578E-01;
p11z2(0,3, 1, 1, 0,  9) :=  -0.48869002337485548E-01;
p11z2(0,3, 1, 1, 0, 10) :=  -0.50201126129442136E-01;
p11z2(0,3, 1, 1, 0, 11) :=  -0.51366722999128353E-01;
p11z2(0,3, 1, 1, 0, 12) :=  -0.52401135852735876E-01;
p11z2(0,3, 1, 1, 0, 13) :=  -0.53329919048253578E-01;
p11z2(0,3, 1, 1, 0, 14) :=  -0.54171997651468289E-01;
p11z2(0,3, 1, 1, 0, 15) :=  -0.54941721072370234E-01;
p11z2(0,3, 1, 1, 0, 16) :=  -0.55650205679750479E-01;
p11z2(0,3, 1, 1, 0, 17) :=  -0.56306227984544162E-01;
p11z2(0,3, 1, 1, 0, 18) :=  -0.56916832512102632E-01;
p11z2(0,3, 1, 1, 0, 19) :=  -0.57487755531095946E-01;
p11z2(0,3, 1, 1, 0, 20) :=  -0.58023727268447040E-01;
p11z2(0,3, 1, 1, 0, 21) :=  -0.58528692014721127E-01;
p11z2(0,3, 1, 1, 0, 22) :=  -0.59005971455581376E-01;
p11z2(0,3, 1, 1, 0, 23) :=  -0.59458387905661061E-01;
p11z2(0,3, 1, 1, 0, 24) :=  -0.59888358674995874E-01;
p11z2(0,3, 1, 1, 0, 25) :=  -0.60297969293616881E-01;
p11z2(0,3, 1, 1, 0, 26) :=  -0.60689031012574363E-01;
p11z2(0,3, 1, 1, 0, 27) :=  -0.61063126449039155E-01;
p11z2(0,3, 1, 1, 0, 28) :=  -0.61421646178846143E-01;
p11z2(0,3, 1, 1, 0, 29) :=  -0.61765818338336560E-01;
p11z2(0,3, 1, 1, 0, 30) :=  -0.62096732771410139E-01;
p11z2(0,3, 1, 1, 0, 31) :=  -0.62415360878887868E-01;
p11z2(0,3, 1, 1, 0, 32) :=  -0.62722572051915226E-01;
p11z2(0,3, 1, 1, 0, 33) :=  -0.63019147368159528E-01;
p11z2(0,3, 1, 1, 0, 34) :=  -0.63305791077364809E-01;
p11z2(0,3, 1, 1, 0, 35) :=  -0.63583140289261056E-01;
p11z2(0,3, 1, 1, 0, 36) :=  -0.63851773189409766E-01;
p11z2(0,3, 1, 1, 0, 37) :=  -0.64112216042441189E-01;
p11z2(0,3, 1, 1, 0, 38) :=  -0.64364949190123449E-01;
p11z2(0,3, 1, 1, 0, 39) :=  -0.64610412212273094E-01;
p11z2(0,3, 1, 1, 0, 40) :=  -0.64849008385532037E-01;
p11z2(0,3, 1, 1, 0, 41) :=  -0.65081108552047878E-01;
p11z2(0,3, 1, 1, 0, 42) :=  -0.65307054488527500E-01;
p11z2(0,3, 1, 1, 0, 43) :=  -0.65527161850462201E-01;
p11z2(0,3, 1, 1, 0, 44) :=  -0.65741722754656104E-01;
p11z2(0,3, 1, 1, 0, 45) :=  -0.65951008051918711E-01;
p11z2(0,3, 1, 1, 0, 46) :=  -0.66155269332390410E-01;
p11z2(0,3, 1, 1, 0, 47) :=  -0.66354740701410897E-01;
p11z2(0,3, 1, 1, 0, 48) :=  -0.66549640355749964E-01;
